[N
19
12
6 invg_n
8
7 andg2_n
6
8 mux2t1_n
4
1 N
2
7 adder_n
18
8 behavior
14
8 dataflow
9
9 structure
13
5 slt_n
11
7 xorg2_n
17
6 tb_alu
10
6 org2_n
15
11 shiftbinary
7
10 addisubi_n
3
10 structural
1
25 U:/cpre381/Proj1/ALU/work
19
9 gCLK_HPER
16
3 alu
5
10 onescomp_n
]
[G
1
15
9
1
4
0
0
1
0
0 0
0
0
]
[G
1
15
9
2
4
0
0
2
0
0 0
0
0
]
[G
1
15
9
3
4
0
0
4
0
0 0
0
0
]
[G
1
15
9
4
4
0
0
8
0
0 0
0
0
]
[G
1
15
9
5
4
0
0
16
0
0 0
0
0
]
[G
1
12
9
1
4
1
0
32
0
0 0
0
0
]
[G
1
7
3
1
4
1
0
32
0
0 0
0
0
]
[G
1
8
9
1
4
1
0
32
0
0 0
0
0
]
[G
1
16
3
1
4
1
0
32
0
0 0
0
0
]
[G
1
5
3
1
4
1
0
32
0
0 0
0
0
]
[G
1
17
18
1
19
0
0
0
0
8 8
-128
-16
-6
2
0
0
0
0
0
0
]
[G
1
13
14
1
4
1
0
32
0
0 0
0
0
]
[G
1
6
3
1
4
1
0
32
0
0 0
0
0
]
[G
1
11
9
1
4
1
0
32
0
0 0
0
0
]
[G
1
2
3
1
4
1
0
32
0
0 0
0
0
]
[G
1
10
9
1
4
1
0
32
0
0 0
0
0
]
